14006,-0.033105434230857003
13843,-0.045415518636724002
13747,-0.049237661577441999
13697,-0.042226953927249997
13595,-0.013653476413833
13568,0.006741927561638
13456,0.057173709451949002
13400,0.086306042909499003
13290,0.15043171402155101
13188,0.22015016514434699
13078,0.29323169543670402
12970,0.36788992866380299
12860,0.44272433254462901
12744,0.51666728417935304
12626,0.58893551280642298
12462,0.69306497899142805
12277,0.79122122326408195
12112,0.88311990419060704
11868,0.99636884600117903
11639,1.100323122700043
11255,1.2427501966087851
10722,1.4157426019842401
10007,1.6686778917363421
9334,1.9015314471085401
