325,34,0.051377031871590872
325,50,0.037508918772686209
325,66,0.063347406708836748
325,82,0.088121136642149531
325,98,0.087133113303417095
325,114,0.077569484886729198
325,130,0.07654994811608945
325,146,0.04475513114127997
325,162,0.079571224266594881
325,178,0.055490883115191229
325,194,0.066095533105940296
325,210,0.063076169455051567
325,35,0.06088380193609131
325,51,0.028522244724925684
325,67,0.071119570980567051
325,83,0.046045267111229658
325,99,0.082618462305213872
325,115,0.086591047305191654
325,131,0.072390431247595394
325,147,0.056542068133031337
325,163,0.07834690906431184
325,179,0.080935042877181243
325,195,0.046932247927653367
325,211,0.071569448973881983
325,36,0.044176601681862056
325,52,0.042902329951025581
325,68,0.046713639293799444
325,84,0.074612066114638165
325,100,0.050938447437353096
325,116,0.070519671713865029
325,132,0.022436128497977464
325,148,0.071213812636701235
325,164,0.057855115179416647
325,180,0.042810666193909448
325,196,0.033195995866416209
325,212,0.064991846163496708
325,37,0.07169948343904195
325,53,0.045605927225382745
325,69,0.095039593439673539
325,85,0.036434317627886265
325,101,0.070849734974437278
325,117,0.04878493089170103
325,133,0.032524444844741131
325,149,0.07404546097282412
325,165,0.069074523676608976
325,181,0.071000256955886423
325,197,0.062269725844158186
325,213,0.0666787087477516
325,38,0.034930113327350069
325,54,0.046652606574099566
325,70,0.077384911663548897
325,86,0.055637735923538101
325,102,0.036530144504249094
325,118,0.073177523271597433
325,134,0.061254608990316192
325,150,0.033171261696208557
325,166,0.035235524658128146
325,182,0.039385915268105691
325,198,0.062399336017814791
325,214,0.055319150649218787
325,39,0.08686019466520728
325,55,0.050029107792205832
325,71,0.058680220333268723
325,87,0.044772277499588863
325,103,0.067785137559694661
325,119,0.058456201562457753
325,135,0.064782792502599773
325,151,0.085931132777769398
325,167,0.040126915605490664
325,183,0.043592226651036556
325,199,0.032154347093546094
325,215,0.071091572020571564
325,40,0.074949965237659039
325,56,0.039746132711414008
325,72,0.049050495040229077
325,88,0.099486602583015254
325,104,0.055014640152180064
325,120,0.042346272580996713
325,136,0.077166911504724156
325,152,0.032301290299713202
325,168,0.062311584436243274
325,184,0.040563957880511953
325,200,0.083116050881217943
325,216,0.082234478834869298
325,41,0.097571280230400986
325,57,0.071405137775377478
325,73,0.072862530582671878
325,89,0.058103798600213648
325,105,0.056065674704565895
325,121,0.052994041123632568
325,137,0.061103742946775855
325,153,0.060991365506467388
325,169,0.072450189528701317
325,185,0.021160902601015844
325,201,0.079889383109423839
325,217,0.051893736141986543
