2,5.4847604000000008e-12,0.53252281818181813,1374
2.0499999999999998,1.849207368888889e-12,0.5664548181818182,1698
2.1000000000000001,2.2784621111111112e-12,0.65906818181818183,2235
2.1499999999999999,3.6716897222222216e-11,0.7879852727272727,2696
2.2000000000000002,8.4302737777777786e-11,0.91942590909090915,3380
2.25,5.8527310000000004e-10,1.0498036363636363,4123
2.2999999999999998,3.5544799999999999e-09,1.1799054545454546,4851
2.3500000000000001,1.9483670000000002e-08,1.3004618181818182,5553
2.3999999999999999,9.1785720000000002e-08,1.4151490909090909,5685
2.4199999999999999,1.6282290000000001e-07,1.45878,6435
2.4500000000000002,3.6134830000000002e-07,1.5234809090909089,6806
2.4700000000000002,5.8896510000000003e-07,1.5651972727272727,7055
2.5,1.121039e-06,1.6240618181818183,7372
2.52,1.6581649999999999e-06,1.6644399999999999,7605
2.5499999999999998,2.8036539999999999e-06,1.7202918181818183,7913
2.5699999999999998,3.8205979999999998e-06,1.7579936363636364,8121
2.6000000000000001,5.7787999999999996e-06,1.8117200000000002,8416
2.6200000000000001,7.3827859999999999e-06,1.8465954545454544,8615
2.6499999999999999,1.0253e-05,1.8980400000000002,8909
2.6699999999999999,1.2379040000000001e-05,1.9290236363636362,9086
2.7000000000000002,1.6108249999999999e-05,1.9758463636363637,9346
2.75,2.3344919999999999e-05,2.05423,9766
2.7999999999999998,3.1939890000000002e-05,2.1291490909090913,10163
2.8500000000000001,4.1442739999999998e-05,2.1994154545454547,10551
2.8999999999999999,5.1975699999999998e-05,2.2670654545454543,10936
2.9199999999999999,5.6454610000000001e-05,2.2924827272727271,11076
2.9500000000000002,6.3254479999999994e-05,2.3284527272727273,11283
2.9500000000000002,6.3247569999999999e-05,2.3288781818181818,11293
2.9700000000000002,6.7918720000000006e-05,2.3520481818181822,11438
3,7.5059539999999998e-05,2.3840618181818178,11667
3.02,7.9628930000000001e-05,2.4026400000000003,11844
3.0499999999999998,8.6741159999999999e-05,2.4271472727272725,12222
3.1000000000000001,9.8395579999999996e-05,2.4586781818181822,13512
3.1200000000000001,0.00010298250000000001,2.4688636363636363,14586
